v 0.000000 0.000000 1.000000
v 1.000000 0.000000 0.000000
v 0.978148 0.207912 0.000000
v 0.913545 0.406737 0.000000
v 0.809017 0.587785 0.000000
v 0.669131 0.743145 0.000000
v 0.500000 0.866025 0.000000
v 0.309017 0.951057 0.000000
v 0.104528 0.994522 0.000000
v -0.104528 0.994522 0.000000
v -0.309017 0.951057 0.000000
v -0.500000 0.866025 0.000000
v -0.669131 0.743145 0.000000
v -0.809017 0.587785 0.000000
v -0.913545 0.406737 0.000000
v -0.978148 0.207912 0.000000
v -1.000000 0.000000 0.000000
v -0.978148 -0.207912 0.000000
v -0.913545 -0.406737 0.000000
v -0.809017 -0.587785 0.000000
v -0.669131 -0.743145 0.000000
v -0.500000 -0.866025 0.000000
v -0.309017 -0.951057 0.000000
v -0.104528 -0.994522 0.000000
v 0.104528 -0.994522 0.000000
v 0.309017 -0.951057 0.000000
v 0.500000 -0.866025 0.000000
v 0.669131 -0.743145 0.000000
v 0.809017 -0.587785 0.000000
v 0.913545 -0.406737 0.000000
v 0.978148 -0.207912 0.000000
f 1 3 2
f 1 4 3
f 1 5 4
f 1 6 5
f 1 7 6
f 1 8 7
f 1 9 8
f 1 10 9
f 1 11 10
f 1 12 11
f 1 13 12
f 1 14 13
f 1 15 14
f 1 16 15
f 1 17 16
f 1 18 17
f 1 19 18
f 1 20 19
f 1 21 20
f 1 22 21
f 1 23 22
f 1 24 23
f 1 25 24
f 1 26 25
f 1 27 26
f 1 28 27
f 1 29 28
f 1 30 29
f 1 31 30
f 1 2 31
f 2 3 4
f 2 4 5
f 2 5 6
f 2 6 7
f 2 7 8
f 2 8 9
f 2 9 10
f 2 10 11
f 2 11 12
f 2 12 13
f 2 13 14
f 2 14 15
f 2 15 16
f 2 16 17
f 2 17 18
f 2 18 19
f 2 19 20
f 2 20 21
f 2 21 22
f 2 22 23
f 2 23 24
f 2 24 25
f 2 25 26
f 2 26 27
f 2 27 28
f 2 28 29
f 2 29 30
f 2 30 31