0 1
0 376
0 605
1 15
1 16
2 3
2 13
2 572
3 4
3 481
4 7
4 473
5 6
5 10
5 576
6 11
6 16
7 8
7 582
8 9
8 476
9 373
9 583
10 15
10 578
11 12
11 574
12 13
12 372
13 385
14 15
14 580
14 583
16 17
17 18
17 604
18 372
18 391
19 20
19 403
19 452
20 414
20 415
21 22
21 419
21 434
22 420
22 430
23 24
23 488
23 595
24 447
24 615
25 417
25 447
25 493
26 27
26 34
26 87
27 392
27 401
28 29
28 416
28 603
29 452
29 491
30 406
30 425
30 435
31 32
31 443
31 489
32 447
32 494
33 34
33 60
33 408
34 410
35 36
35 38
35 265
36 45
36 565
37 38
37 40
37 316
38 43
39 40
39 256
39 509
40 41
41 42
41 52
42 43
42 76
43 44
44 45
44 74
45 46
46 47
46 72
47 48
47 565
48 49
48 70
49 50
49 569
50 51
50 68
51 52
51 257
52 66
53 54
53 91
53 513
54 56
54 436
55 56
55 57
55 501
56 250
57 58
57 407
58 60
58 63
59 60
59 88
59 511
61 62
61 219
61 250
62 63
62 86
63 511
64 65
64 514
64 516
65 89
65 811
66 67
66 69
67 76
67 581
68 69
68 71
69 579
70 71
70 73
71 577
72 73
72 75
73 575
74 75
74 77
75 573
76 77
77 571
78 79
78 118
78 221
79 80
79 235
80 81
80 214
81 82
81 233
82 83
82 217
83 84
83 455
84 231
84 453
85 86
85 456
85 523
86 218
87 88
87 514
88 515
89 90
89 838
90 91
90 224
91 249
92 93
92 129
92 658
92 670
93 134
93 616
94 519
94 526
94 689
95 96
95 98
95 225
96 359
96 842
97 98
97 100
97 227
98 357
99 100
99 102
99 230
100 355
101 102
101 104
101 232
102 353
103 104
103 106
103 234
104 351
105 106
105 116
105 236
106 349
107 108
107 125
107 633
108 109
108 350
109 110
109 352
110 251
110 302
111 126
111 254
111 529
112 313
112 507
112 529
113 114
113 260
113 458
114 344
114 462
115 116
115 223
115 863
116 347
117 118
117 212
117 865
118 222
119 248
119 307
119 541
120 121
120 127
120 254
121 302
121 306
122 123
122 126
122 310
123 313
123 504
124 125
124 348
124 872
125 637
126 127
127 463
128 129
128 303
128 308
129 660
129 669
130 131
130 506
130 508
131 313
131 504
132 133
132 305
132 534
133 620
133 657
134 135
134 303
135 629
135 632
136 340
136 341
136 342
137 138
137 183
137 325
138 175
138 540
139 140
139 206
139 283
140 141
140 288
141 190
141 291
142 143
142 208
142 247
143 341
143 1525
144 158
144 279
144 542
145 146
145 343
145 893
146 1493
146 1501
147 148
147 189
147 293
148 298
148 550
149 150
149 153
149 297
150 155
150 556
151 485
151 746
151 1510
152 153
152 294
152 299
153 553
154 155
154 280
154 527
155 292
156 157
156 543
156 546
157 165
157 548
158 159
158 486
159 162
159 548
159 905
160 161
160 163
160 278
160 908
161 164
161 547
162 163
163 547
163 1293
164 165
164 269
165 546
166 182
166 282
166 327
167 168
167 332
167 334
168 169
168 536
169 170
169 248
170 171
170 339
171 172
171 196
172 173
172 677
173 174
173 672
173 674
174 304
174 674
174 679
175 176
175 539
176 281
176 328
177 178
177 325
177 331
178 179
178 330
179 180
179 330
180 181
180 531
181 182
181 326
182 183
183 281
184 185
184 361
184 1523
185 186
185 1526
186 1508
186 1529
187 202
187 284
187 322
188 189
188 195
188 551
189 210
190 191
190 193
191 300
191 935
192 193
192 206
192 644
193 937
194 195
194 341
194 551
195 199
196 197
196 203
197 198
197 290
198 204
198 285
199 200
199 340
200 201
200 209
201 202
201 322
202 203
203 289
204 205
204 642
205 206
205 286
207 208
207 245
207 953
208 482
208 1498
209 210
209 323
210 293
211 212
211 221
211 238
212 956
213 214
213 217
213 241
214 220
215 216
215 237
215 461
216 217
216 459
218 219
218 454
219 229
220 221
220 240
222 223
222 968
223 235
224 225
224 227
225 969
226 227
226 230
226 249
228 229
228 232
228 454
229 230
231 232
231 234
233 234
233 236
235 236
237 242
237 687
238 239
238 984
239 240
239 685
240 241
241 242
242 681
243 306
243 463
243 464
244 245
244 367
244 990
245 246
246 247
246 366
247 342
248 339
249 250
251 252
251 354
252 253
252 345
253 254
253 457
255 263
255 564
255 570
256 257
256 337
257 558
258 259
258 503
258 505
259 311
259 510
260 261
260 265
261 316
261 507
262 264
262 346
262 462
263 264
263 265
264 346
266 267
266 275
266 554
267 268
267 589
268 270
268 549
269 272
269 485
270 271
270 557
271 542
271 555
272 273
272 746
273 274
273 545
274 275
274 593
275 591
276 277
276 1495
276 1513
277 278
277 1022
278 484
279 280
279 487
280 555
281 282
282 327
283 286
283 287
284 288
284 295
285 286
285 290
287 288
287 289
289 290
291 292
291 297
292 300
293 294
294 296
295 296
295 323
296 297
298 299
298 746
299 553
300 301
301 528
301 1045
302 303
304 305
304 675
304 678
305 621
306 307
307 308
308 661
309 321
309 570
309 1054
310 311
310 371
311 312
312 318
312 510
314 503
314 505
314 509
315 316
315 506
315 508
317 318
317 365
317 370
318 562
319 320
319 363
319 1066
320 321
320 561
321 566
322 323
324 325
324 532
324 537
326 327
326 329
328 329
328 535
329 531
330 331
331 533
332 333
332 536
333 334
333 532
334 335
335 530
335 535
336 337
336 505
336 510
337 338
338 560
338 563
339 340
342 464
343 483
343 1088
344 345
344 356
345 457
346 360
347 348
347 1093
348 349
349 350
350 351
351 352
352 353
353 354
354 355
355 356
356 357
357 358
358 359
358 462
359 360
360 1104
361 362
361 1508
362 1495
362 1513
363 365
363 562
364 365
364 369
364 1110
366 367
366 464
367 368
368 369
368 1113
369 370
370 371
371 463
372 383
373 379
373 479
374 375
374 470
374 612
375 480
375 614
376 377
376 606
377 378
377 381
378 380
378 583
379 380
379 467
380 381
381 382
382 465
382 607
383 384
383 390
384 385
384 389
385 386
386 481
386 614
387 388
387 613
387 614
388 389
388 613
389 390
390 391
391 604
392 393
392 513
393 404
393 436
394 431
394 440
394 500
395 398
395 424
395 601
396 397
396 400
396 502
397 418
397 433
398 414
398 415
399 400
399 405
399 437
400 448
401 402
401 411
402 404
402 422
403 451
403 497
404 405
405 426
406 423
406 498
407 408
407 502
408 433
409 412
409 596
409 615
410 411
410 434
411 420
412 413
412 597
413 428
413 442
414 512
415 416
416 602
417 429
417 615
418 419
418 449
419 492
420 421
421 422
421 498
422 423
423 426
424 425
424 600
425 438
426 427
427 435
427 448
428 429
428 500
429 432
430 431
430 499
431 432
432 492
433 434
435 512
436 437
437 501
438 439
438 499
439 440
439 599
440 441
441 442
441 598
442 500
443 444
443 496
444 446
444 450
445 446
445 490
445 594
446 489
448 449
449 495
450 451
450 491
451 452
453 454
453 456
455 456
455 460
457 458
458 529
459 460
459 461
460 523
461 526
465 466
465 608
466 467
466 469
467 479
468 469
468 474
468 609
469 478
470 471
470 611
471 472
471 475
472 473
472 476
473 480
474 475
474 610
475 477
476 477
477 478
478 479
480 481
482 483
482 1491
483 1227
484 485
484 1514
486 487
486 1232
487 527
488 489
488 594
490 491
490 603
492 493
493 494
494 495
495 496
496 497
497 512
498 499
501 502
503 504
506 507
508 509
511 521
513 514
515 516
515 522
516 518
517 518
517 519
517 520
518 1263
519 683
520 522
520 525
521 522
521 524
523 524
524 525
525 526
527 528
528 1272
530 531
530 533
532 533
534 535
534 539
536 537
537 540
538 539
538 541
538 662
540 541
542 543
543 549
544 545
544 549
544 587
545 546
547 548
550 552
550 1510
551 552
552 1530
553 554
554 556
555 557
556 557
558 559
558 569
559 561
559 567
560 561
560 563
562 563
564 565
564 568
566 567
566 570
567 568
568 569
571 572
571 582
572 573
573 574
574 575
575 576
576 577
577 578
578 579
579 580
580 581
581 582
584 585
584 590
584 592
585 586
585 588
586 587
586 593
587 588
588 589
589 590
590 591
591 592
592 593
594 595
595 596
596 597
597 598
598 599
599 600
600 601
601 602
602 603
604 605
605 606
606 607
607 608
608 609
609 610
610 611
611 612
612 613
616 617
616 629
617 618
617 659
617 664
618 619
618 657
619 620
619 627
620 621
621 622
622 623
622 676
622 680
623 624
623 635
624 625
624 627
625 634
625 1369
626 627
626 630
626 1372
628 629
628 630
628 632
630 631
631 638
631 1375
632 633
633 637
634 636
634 1379
635 636
635 652
636 640
637 638
638 1382
639 640
639 641
639 643
639 1385
640 650
641 645
641 1388
642 643
642 645
643 654
644 645
644 1389
646 647
646 655
646 677
647 648
647 652
648 649
648 655
649 651
649 653
650 651
650 653
651 654
652 653
654 655
656 657
656 659
656 662
656 671
658 659
658 660
660 661
660 667
661 662
663 664
663 665
663 671
664 670
665 666
665 668
666 667
666 669
667 671
668 669
668 670
672 673
672 676
672 677
673 679
673 680
674 675
675 676
678 679
678 680
681 682
681 686
682 687
682 695
683 684
683 690
684 691
684 1427
685 686
685 1430
686 697
687 688
688 689
688 693
689 690
690 699
691 692
691 700
692 709
692 1435
693 694
693 696
694 699
694 701
695 696
695 698
696 703
697 698
697 1442
698 705
699 700
700 707
701 702
701 704
702 707
702 719
703 704
703 706
704 711
705 706
705 1450
706 713
707 708
708 709
708 715
709 710
710 717
710 1453
711 712
711 714
712 719
712 723
713 714
713 1458
714 725
715 716
715 720
716 717
716 727
717 718
718 729
718 1461
719 720
720 721
721 722
721 724
722 727
722 731
723 724
723 726
724 733
725 726
725 1470
726 735
727 728
728 729
728 737
729 730
730 739
730 1473
731 732
731 734
732 737
732 741
733 734
733 736
734 742
735 736
735 1480
736 743
737 738
738 739
738 744
739 740
740 745
740 1483
741 742
741 744
742 743
743 1487
744 745
745 1489
747 748
747 762
747 765
748 1121
748 1357
749 750
749 756
749 1217
750 751
750 1226
751 758
751 1316
752 753
752 760
752 765
753 757
753 1320
754 755
754 1118
754 1328
755 756
755 1222
756 1326
757 762
757 1322
758 759
758 1129
759 760
759 1117
760 1318
761 762
761 1324
761 1328
763 764
763 1117
763 1136
764 765
764 1358
766 767
766 1159
766 1161
767 1148
767 1197
768 769
768 1166
768 1177
769 1163
769 1178
770 771
770 1192
770 1360
771 1234
771 1347
772 1162
772 1192
772 1238
773 774
773 1138
773 1147
774 780
774 835
775 776
775 1197
775 1235
776 1160
776 1339
777 1151
777 1169
777 1180
778 779
778 1192
778 1237
779 1189
779 1233
780 781
780 1156
781 806
781 1152
782 783
782 793
782 1309
783 784
783 1010
784 785
784 791
785 786
785 1060
786 787
786 789
787 1002
787 1253
788 789
788 791
788 824
789 798
790 791
790 793
790 822
792 793
792 795
792 820
794 795
794 797
794 818
795 1309
796 797
796 799
796 816
797 1313
798 799
798 814
799 1001
800 801
800 802
800 1182
801 836
801 1259
802 803
802 994
803 805
803 1247
804 805
804 806
804 808
805 1153
806 807
807 834
807 1256
808 809
808 1256
809 810
809 832
810 963
810 994
811 812
811 838
812 1258
812 1261
813 814
813 824
813 1327
814 815
815 816
815 1325
816 817
817 818
817 1323
818 819
819 820
819 1321
820 821
821 822
821 1319
822 823
823 824
823 1317
825 826
825 828
825 981
826 864
826 965
827 828
827 831
827 979
828 958
829 830
829 977
829 1199
830 831
830 1201
831 960
832 833
832 964
833 1200
833 1269
834 835
834 1260
835 1258
836 837
836 995
837 838
837 970
839 840
839 882
839 1364
840 875
840 1403
840 1414
841 1264
841 1270
841 1434
842 843
842 1105
843 844
843 969
844 845
844 1103
845 846
845 971
846 847
846 1101
847 848
847 973
848 849
848 1099
849 850
849 976
850 851
850 1097
851 852
851 978
852 853
852 1095
853 862
853 980
854 855
854 857
854 1094
855 871
855 1377
856 857
856 999
856 1048
857 1096
858 874
858 996
858 1274
859 1058
859 1251
859 1274
860 861
860 1090
860 1207
861 1006
861 1202
862 863
862 1093
863 967
864 865
864 968
865 956
866 993
866 1052
866 1285
867 868
867 1048
867 1053
868 873
868 996
869 870
869 1058
869 1248
870 874
870 1057
871 872
871 1383
872 1092
873 874
873 1208
875 876
875 1404
875 1412
876 1047
876 1051
877 878
877 1058
877 1248
878 1252
878 1254
879 880
879 1368
879 1400
880 1049
880 1280
881 882
881 1373
881 1378
882 1047
883 1084
883 1086
883 1087
884 885
884 921
884 1286
885 928
885 1069
886 887
886 936
886 1037
887 888
887 1033
888 949
888 1028
889 890
889 1086
889 1527
890 952
890 991
891 906
891 1025
891 1288
892 893
892 1494
892 1505
893 1088
894 895
894 1044
894 1295
895 933
895 1039
896 897
896 901
896 1302
897 899
897 1040
898 1230
898 1490
898 1511
899 900
899 1299
900 1038
900 1043
901 902
901 1036
902 1024
902 1273
903 904
903 909
903 1292
904 1287
904 1289
905 906
905 1292
906 1232
907 908
907 910
907 1293
908 1021
909 910
909 1289
910 1014
911 922
911 1026
911 1071
912 913
912 1050
912 1418
912 1422
913 914
913 1417
913 1418
914 915
914 1421
915 916
915 943
916 917
916 1085
917 918
917 993
918 919
918 1282
919 1078
919 1080
920 921
920 1027
920 1074
921 1283
922 923
922 928
923 924
923 1072
924 925
924 1275
925 926
925 1076
926 927
926 1076
927 1069
927 1075
928 1027
929 930
929 1509
929 1531
930 931
930 1528
931 1107
931 1524
932 945
932 1029
932 1068
933 934
933 954
934 939
934 1297
935 936
935 1046
936 937
937 938
938 949
938 1389
939 940
939 948
940 1086
940 1297
941 942
941 951
941 1031
942 943
942 1034
943 944
944 945
944 1035
945 946
946 947
946 1068
947 948
947 955
948 1084
949 950
950 951
950 1030
951 1387
952 953
952 1228
952 1499
953 989
954 955
954 1039
955 1067
956 957
957 965
957 984
958 959
958 966
959 960
959 987
960 961
961 962
961 1205
962 982
962 1206
963 964
963 974
964 1198
965 966
966 985
967 968
967 981
969 970
970 971
971 972
972 973
972 995
973 974
974 975
975 976
975 1198
976 977
977 978
978 979
979 980
980 981
982 986
982 1432
983 984
983 985
983 1430
985 987
986 987
986 1426
988 1053
988 1208
988 1209
989 990
989 992
990 1112
991 992
991 1087
992 1111
993 1085
994 995
996 997
997 998
997 1203
998 999
998 1089
999 1098
1000 1009
1000 1310
1000 1315
1001 1002
1001 1303
1002 1082
1003 1004
1003 1056
1003 1255
1004 1249
1004 1250
1005 1006
1005 1060
1005 1251
1006 1010
1007 1008
1007 1091
1007 1207
1008 1009
1008 1091
1009 1010
1011 1012
1011 1016
1011 1294
1012 1013
1012 1333
1013 1017
1013 1298
1014 1020
1014 1230
1015 1016
1015 1288
1015 1300
1016 1301
1017 1018
1017 1335
1018 1019
1018 1337
1019 1020
1019 1290
1020 1490
1021 1022
1021 1229
1022 1023
1023 1497
1023 1512
1024 1025
1024 1300
1025 1231
1026 1027
1026 1071
1028 1030
1028 1032
1029 1033
1029 1042
1030 1031
1031 1034
1032 1033
1032 1035
1034 1035
1036 1037
1036 1046
1037 1040
1038 1039
1038 1041
1040 1041
1041 1042
1042 1067
1043 1044
1043 1299
1044 1490
1045 1046
1045 1272
1047 1048
1049 1050
1049 1367
1050 1420
1050 1423
1051 1052
1051 1406
1052 1053
1054 1064
1054 1315
1055 1056
1055 1062
1055 1255
1056 1057
1057 1116
1059 1249
1059 1250
1059 1253
1060 1061
1061 1252
1061 1254
1062 1063
1062 1307
1063 1109
1063 1115
1064 1065
1064 1312
1065 1066
1065 1305
1066 1108
1067 1068
1069 1070
1070 1278
1070 1281
1071 1072
1072 1073
1073 1074
1073 1275
1074 1279
1075 1076
1075 1277
1077 1078
1077 1080
1077 1278
1078 1282
1079 1080
1079 1276
1079 1279
1081 1082
1081 1306
1081 1308
1082 1083
1083 1250
1083 1255
1084 1085
1087 1209
1088 1227
1089 1090
1089 1203
1090 1100
1091 1104
1092 1093
1092 1095
1094 1095
1094 1097
1096 1097
1096 1099
1098 1099
1098 1101
1100 1101
1100 1103
1102 1103
1102 1105
1102 1207
1104 1105
1106 1107
1106 1497
1106 1512
1107 1509
1108 1109
1108 1307
1109 1110
1110 1114
1111 1112
1111 1209
1112 1113
1113 1114
1114 1115
1115 1116
1116 1208
1117 1128
1118 1125
1118 1223
1119 1120
1119 1225
1119 1359
1120 1216
1120 1350
1121 1122
1121 1356
1122 1123
1122 1127
1123 1124
1123 1328
1124 1125
1124 1127
1125 1212
1126 1127
1126 1211
1126 1355
1128 1130
1128 1135
1129 1130
1129 1131
1130 1133
1131 1226
1131 1359
1132 1134
1132 1349
1132 1359
1133 1134
1133 1135
1134 1349
1135 1136
1136 1358
1137 1138
1137 1150
1137 1182
1138 1259
1139 1176
1139 1183
1139 1245
1140 1143
1140 1170
1140 1341
1141 1142
1141 1164
1141 1179
1142 1144
1142 1246
1143 1159
1143 1161
1144 1145
1144 1194
1145 1149
1145 1181
1146 1147
1146 1150
1146 1168
1147 1155
1148 1195
1148 1240
1149 1150
1149 1172
1151 1167
1151 1244
1152 1153
1152 1179
1153 1246
1154 1158
1154 1346
1154 1360
1155 1156
1155 1166
1156 1178
1157 1158
1157 1174
1157 1187
1158 1345
1159 1257
1160 1161
1160 1340
1162 1173
1162 1360
1163 1164
1163 1239
1164 1193
1165 1166
1165 1168
1165 1244
1167 1168
1167 1172
1169 1170
1169 1185
1170 1342
1171 1172
1171 1180
1171 1194
1173 1174
1173 1175
1174 1245
1175 1176
1175 1239
1176 1177
1177 1243
1178 1179
1180 1257
1181 1182
1181 1247
1183 1184
1183 1186
1184 1185
1184 1343
1185 1243
1186 1187
1186 1344
1187 1245
1188 1189
1188 1190
1188 1196
1189 1241
1190 1191
1190 1233
1191 1236
1191 1348
1193 1194
1193 1242
1195 1196
1195 1197
1196 1235
1198 1199
1199 1200
1200 1201
1201 1204
1202 1203
1202 1274
1204 1205
1204 1269
1205 1206
1206 1270
1210 1211
1210 1212
1210 1213
1211 1354
1212 1223
1213 1214
1213 1224
1214 1220
1214 1353
1215 1216
1215 1218
1215 1219
1216 1351
1217 1218
1217 1225
1218 1222
1219 1220
1219 1221
1220 1352
1221 1222
1221 1224
1223 1224
1225 1226
1227 1228
1228 1492
1229 1230
1229 1515
1231 1232
1231 1273
1233 1234
1234 1348
1235 1236
1236 1339
1237 1238
1237 1242
1238 1239
1240 1241
1240 1257
1241 1242
1243 1244
1246 1247
1248 1249
1251 1252
1253 1254
1256 1267
1258 1259
1260 1261
1260 1266
1261 1263
1262 1263
1262 1264
1262 1265
1264 1428
1265 1266
1265 1271
1266 1267
1267 1268
1268 1269
1268 1271
1270 1271
1272 1273
1275 1276
1276 1277
1277 1278
1279 1280
1280 1283
1281 1282
1281 1286
1283 1284
1284 1285
1284 1405
1285 1286
1287 1288
1287 1294
1289 1290
1290 1291
1291 1294
1291 1331
1292 1293
1295 1296
1295 1511
1296 1297
1296 1532
1298 1299
1298 1302
1300 1301
1301 1302
1303 1304
1303 1313
1304 1305
1304 1311
1305 1306
1306 1308
1307 1308
1309 1310
1310 1314
1311 1312
1311 1314
1312 1315
1313 1314
1316 1317
1316 1319
1317 1326
1318 1319
1318 1321
1320 1321
1320 1323
1322 1323
1322 1325
1324 1325
1324 1327
1326 1327
1329 1330
1329 1332
1329 1334
1330 1336
1330 1338
1331 1332
1331 1334
1332 1337
1333 1334
1333 1336
1335 1336
1335 1338
1337 1338
1339 1340
1340 1341
1341 1342
1342 1343
1343 1344
1344 1345
1345 1346
1346 1347
1347 1348
1349 1350
1350 1351
1351 1352
1352 1353
1353 1354
1354 1355
1355 1356
1356 1357
1357 1358
1361 1362
1361 1368
1361 1371
1362 1363
1362 1400
1363 1364
1363 1402
1363 1407
1364 1373
1365 1366
1365 1370
1365 1381
1366 1367
1366 1419
1366 1424
1367 1368
1369 1370
1369 1379
1370 1371
1371 1372
1372 1376
1373 1374
1374 1376
1374 1378
1375 1376
1375 1382
1377 1378
1377 1383
1379 1380
1380 1381
1380 1384
1381 1397
1382 1383
1384 1385
1384 1395
1385 1386
1386 1387
1386 1399
1387 1388
1388 1389
1390 1391
1390 1393
1390 1397
1391 1398
1391 1421
1392 1393
1392 1394
1392 1396
1393 1398
1394 1395
1394 1399
1395 1396
1396 1397
1398 1399
1400 1401
1401 1402
1401 1405
1401 1415
1402 1403
1403 1404
1404 1406
1404 1410
1405 1406
1407 1408
1407 1414
1408 1409
1408 1415
1409 1411
1409 1413
1410 1411
1410 1415
1411 1412
1412 1413
1413 1414
1416 1417
1416 1422
1416 1424
1417 1419
1417 1421
1418 1420
1419 1420
1422 1423
1423 1424
1425 1426
1425 1432
1425 1440
1426 1429
1427 1428
1427 1436
1428 1433
1429 1430
1429 1442
1431 1432
1431 1434
1431 1438
1433 1434
1433 1444
1435 1436
1435 1454
1436 1443
1437 1438
1437 1444
1437 1446
1438 1439
1439 1440
1439 1448
1440 1441
1441 1442
1441 1450
1443 1444
1443 1452
1445 1446
1445 1452
1445 1464
1446 1447
1447 1448
1447 1456
1448 1449
1449 1450
1449 1458
1451 1452
1451 1454
1451 1460
1453 1454
1453 1462
1455 1456
1455 1464
1455 1468
1456 1457
1457 1458
1457 1470
1459 1460
1459 1462
1459 1472
1460 1463
1461 1462
1461 1474
1463 1464
1463 1466
1465 1466
1465 1472
1465 1476
1466 1467
1467 1468
1467 1478
1468 1469
1469 1470
1469 1480
1471 1472
1471 1474
1471 1482
1473 1474
1473 1484
1475 1476
1475 1482
1475 1485
1476 1477
1477 1478
1477 1486
1478 1479
1479 1480
1479 1487
1481 1482
1481 1484
1481 1488
1483 1484
1483 1489
1485 1486
1485 1488
1486 1487
1488 1489
1491 1493
1491 1500
1492 1494
1492 1503
1493 1500
1494 1503
1495 1496
1496 1497
1496 1522
1498 1499
1498 1502
1498 1518
1499 1504
1499 1519
1500 1502
1501 1502
1501 1505
1503 1504
1504 1505
1506 1508
1506 1516
1506 1529
1507 1509
1507 1517
1507 1531
1510 1516
1511 1517
1512 1515
1513 1514
1514 1516
1515 1517
1518 1521
1518 1525
1519 1520
1519 1527
1520 1521
1520 1524
1521 1523
1522 1523
1522 1524
1525 1526
1526 1530
1527 1528
1528 1532
1529 1530
1531 1532
